0937,TATACONSUM,62043,865.000000,158008,169207,
0937,INDUSINDBK,348320,1408.350000,144142,182677,
0937,BHARTIARTL,191759,919.050000,223895,189809,
0937,EICHERMOT,44300,3341.950000,59434,58962,
0937,ICICIBANK,2846864,926.000000,667029,474133,
0937,COALINDIA,1012312,288.300000,920050,872101,
0937,HDFCBANK,3411369,1512.300000,696308,454095,
0937,ASIANPAINT,89546,3176.650000,69264,98333,
0937,SUNPHARMA,122529,1130.200000,142758,181372,
0937,APOLLOHOSP,79517,5061.550000,34736,35404,
0937,BAJFINANCE,341750,7966.000000,94224,85982,
0937,TCS,148643,3487.200000,88511,86612,
0937,BAJAJ-AUTO,44814,4949.050000,40208,30816,
0937,ULTRACEMCO,64379,8154.000000,24594,25257,
0937,WIPRO,411156,402.800000,601708,605584,
0937,HCLTECH,158204,1231.800000,164744,155315,
0937,BRITANNIA,26278,4484.550000,37142,35939,
0937,HINDALCO,708304,473.850000,466612,425236,
0937,HDFCLIFE,179042,625.100000,241161,223412,
0937,NESTLEIND,79327,22880.000000,10615,9764,
0937,POWERGRID,1812205,196.100000,1013036,966158,
0937,KOTAKBANK,485668,1712.600000,208856,194019,
0937,TITAN,40680,3183.000000,85086,67613,
0937,BAJAJFINSV,285587,1535.850000,152158,170622,
0937,HINDUNILVR,181840,2491.000000,100950,139649,
0937,CIPLA,133616,1179.500000,142194,155656,
0937,TATASTEEL,4522990,126.000000,2536538,3248819,
0937,TATAMOTORS,1606008,613.950000,654952,853154,
0937,ADANIENT,304523,2395.000000,115366,127139,
0937,ADANIPORTS,344242,824.150000,238623,289967,
0937,GRASIM,56804,1893.750000,83698,81826,
0937,RELIANCE,913131,2300.950000,335791,282117,
0937,INFY,494188,1419.150000,220808,233313,
0937,SBILIFE,72953,1289.750000,126060,84475,
0937,LTIM,28347,5164.200000,31149,29406,
0937,DIVISLAB,24311,3715.150000,41896,37774,
0937,NTPC,3966045,233.600000,1289440,1163141,
0937,SBIN,2708288,597.200000,935064,1299964,
0937,DRREDDY,60814,5478.000000,33817,31527,
0937,TECHM,587834,1198.600000,161266,153334,
0937,ONGC,1940177,183.000000,1093629,1109568,
0937,AXISBANK,5059037,1021.000000,255356,261542,
0937,M&M,435022,1507.000000,183437,197731,
0937,ITC,1671110,438.650000,759533,791780,
0937,LT,294992,3041.200000,129237,125225,
0937,BPCL,488075,342.300000,544342,709700,
0937,UPL,284776,601.800000,326777,281178,
0937,HEROMOTOCO,38495,2995.000000,62839,64429,
0937,JSWSTEEL,363871,758.500000,280171,242396,
0937,JAYBARMARU,2863,271.400000,5005,3304,
0937,SUM,36791865344,929,13802102784,13583769600
0938,TATACONSUM,63998,865.550000,159882,169366,
0938,ICICIBANK,3064355,926.900000,693195,475114,
0938,BAJFINANCE,345204,7977.950000,96185,84523,
0938,COALINDIA,1054721,288.550000,922223,870590,
0938,BHARTIARTL,196222,919.150000,223623,188079,
0938,INDUSINDBK,378365,1408.750000,154348,180822,
0938,HDFCBANK,3681761,1513.550000,698190,455588,
0938,EICHERMOT,49099,3343.900000,58527,58458,
0938,ASIANPAINT,90953,3176.950000,70082,100267,
0938,SUNPHARMA,124712,1129.800000,141100,180713,
0938,APOLLOHOSP,82676,5061.900000,34454,35968,
0938,TCS,155548,3486.350000,88918,87076,
0938,ULTRACEMCO,65246,8160.000000,25175,24747,
0938,WIPRO,421501,402.850000,604087,603809,
0938,HCLTECH,160329,1231.900000,163425,155973,
0938,BAJAJ-AUTO,47897,4943.000000,40316,30986,
0938,BRITANNIA,27694,4481.300000,36693,35930,
0938,HDFCLIFE,184573,625.500000,242696,221559,
0938,HINDALCO,731391,473.800000,475233,434105,
0938,NESTLEIND,80396,22869.800000,10983,9749,
0938,BAJAJFINSV,289852,1536.700000,152972,168769,
0938,POWERGRID,1896364,196.100000,1009147,972566,
0938,KOTAKBANK,520643,1711.550000,209710,196760,
0938,HINDUNILVR,190816,2492.550000,101178,137520,
0938,CIPLA,136047,1178.100000,140060,157111,
0938,TATASTEEL,4623409,126.150000,2623903,3229786,
0938,TITAN,41622,3184.350000,85028,69487,
0938,TATAMOTORS,1637159,614.550000,671916,864000,
0938,RELIANCE,937173,2300.750000,339106,283665,
0938,ADANIENT,311640,2395.150000,123241,130152,
0938,GRASIM,59315,1894.550000,88288,81000,
0938,INFY,502306,1419.750000,228528,236173,
0938,SBILIFE,73947,1291.900000,129224,82576,
0938,LTIM,29042,5165.000000,32394,29638,
0938,ADANIPORTS,355358,824.200000,239753,292284,
0938,DIVISLAB,24504,3713.550000,41900,38010,
