0956,TATACONSUM,259759,875.850000,176793,208783,
0956,ICICIBANK,1471108,945.200000,637705,514193,
0956,BHARTIARTL,688404,918.300000,216259,204632,
0956,EICHERMOT,512066,3329.900000,79237,83429,
0956,INDUSINDBK,363879,1430.850000,144501,174583,
0956,BAJFINANCE,162995,7806.000000,290808,77684,
0956,COALINDIA,2520307,290.450000,972733,1127071,
0956,HDFCBANK,3977536,1510.050000,612935,592824,
0956,ASIANPAINT,450134,3180.300000,76819,115031,
0956,SUNPHARMA,254836,1148.050000,123248,189055,
0956,APOLLOHOSP,92919,5115.400000,35468,44236,
0956,TCS,412412,3499.100000,86553,97167,
0956,ULTRACEMCO,88244,8317.500000,25645,28442,
0956,WIPRO,786158,406.300000,630060,595105,
0956,HCLTECH,416940,1233.850000,169223,127873,
0956,BRITANNIA,201016,4510.050000,37405,46580,
0956,HDFCLIFE,504444,631.600000,232550,264786,
0956,BAJAJ-AUTO,46357,5038.350000,40266,31235,
0956,HINDALCO,1343766,479.500000,540638,607492,
0956,NESTLEIND,9928,22463.750000,6371,5808,
0956,BAJAJFINSV,155952,1537.000000,392437,143378,
0956,POWERGRID,2218772,197.600000,956236,972009,
0956,KOTAKBANK,1815240,1719.300000,187569,227068,
0956,TITAN,137225,3145.600000,91606,71475,
0956,CIPLA,179468,1176.550000,146940,116142,
0956,TATASTEEL,5737084,127.750000,3703783,3847761,
0956,TATAMOTORS,1728610,621.050000,588527,943546,
0956,HINDUNILVR,242958,2489.750000,107401,158208,
0956,RELIANCE,1234855,2321.350000,290304,351414,
0956,ADANIENT,389846,2391.900000,108349,142135,
0956,ADANIPORTS,597779,834.950000,265836,286138,
0956,GRASIM,89804,1933.550000,88895,76425,
0956,SBILIFE,287975,1289.000000,111176,95396,
0956,LTIM,58960,5169.000000,29722,30429,
0956,DIVISLAB,46563,3728.150000,36380,45102,
0956,TECHM,317294,1222.050000,172426,153415,
0956,INFY,801713,1428.600000,223060,255840,
0956,NTPC,2676251,244.500000,919647,985488,
0956,SBIN,2422958,593.300000,768726,1111459,
0956,DRREDDY,93446,5552.700000,31176,28891,
0956,ONGC,5667356,184.400000,1407272,1627511,
0956,AXISBANK,2697056,1040.100000,298362,261114,
0956,M&M,907704,1559.550000,163072,212025,
0956,ITC,1595537,439.950000,758634,919925,
0956,LT,484819,2997.500000,124857,121929,
0956,BPCL,560498,347.100000,477172,867506,
0956,UPL,214616,610.900000,257650,325791,
0956,JSWSTEEL,218705,770.950000,286187,257302,
0956,HEROMOTOCO,97927,3006.700000,53087,69998,
0956,JAYBARMARU,2425,272.900000,4528,6439,
0956,SUM,44531228672,923,15426317312,14768983040
0957,TATACONSUM,260879,875.650000,176614,210850,
0957,INDUSINDBK,370653,1432.400000,147875,171936,
0957,ICICIBANK,1483076,945.400000,648378,520264,
0957,EICHERMOT,517041,3332.000000,79890,82936,
0957,BAJFINANCE,165942,7812.200000,291401,77418,
0957,BHARTIARTL,690087,918.300000,216970,206672,
0957,COALINDIA,2536356,290.900000,1013875,1133181,
0957,HDFCBANK,4063746,1510.800000,614561,595039,
0957,ASIANPAINT,451335,3181.000000,77435,115167,
0957,SUNPHARMA,257074,1149.150000,124277,188833,
0957,APOLLOHOSP,93390,5115.000000,35214,43940,
0957,TCS,418353,3496.500000,85503,98271,
0957,BAJAJ-AUTO,48200,5030.900000,40015,31004,
0957,ULTRACEMCO,88567,8315.050000,25633,28639,
0957,WIPRO,812323,406.250000,634479,601301,
0957,HCLTECH,418007,1233.750000,168281,128774,
0957,BRITANNIA,201301,4510.100000,38596,46666,
0957,HDFCLIFE,508323,631.600000,235659,265188,
1003,INDUSINDBK,401899,1430.750000,156618,177461,
1003,BHARTIARTL,723173,917.250000,222668,216605,
1003,ICICIBANK,1596694,944.250000,648531,524522,
1003,EICHERMOT,545476,3331.500000,84909,84330,
1003,TATACONSUM,291091,872.250000,169039,214045,
1003,BAJFINANCE,186006,7808.000000,290092,78656,
1003,COALINDIA,2649380,290.850000,1098204,1163149,
1003,HDFCBANK,4285880,1510.300000,639334,621247,
1003,SUNPHARMA,281997,1149.550000,125606,193493,
1003,APOLLOHOSP,97480,5116.150000,36338,44843,
1003,TCS,485911,3485.800000,80451,96671,
1003,ASIANPAINT,470926,3170.000000,76235,115876,
1003,BAJAJ-AUTO,55586,5019.900000,42488,31058,
1003,ULTRACEMCO,96475,8313.900000,25191,28353,
1003,WIPRO,858872,405.450000,634771,599350,
1003,BRITANNIA,208035,4514.500000,39250,46990,
1003,HDFCLIFE,572809,630.250000,238254,272250,
1003,HINDALCO,1494842,478.300000,536618,641041,
1003,HCLTECH,449501,1231.850000,174192,134929,
1003,NESTLEIND,10859,22451.200000,6143,5792,
1003,BAJAJFINSV,166201,1538.000000,395892,144619,
1003,POWERGRID,2439566,198.300000,1008066,929504,
1003,TITAN,146373,3146.300000,92732,72496,
1003,KOTAKBANK,1889822,1719.050000,196379,226941,
1003,CIPLA,195385,1177.750000,151887,114816,
1003,TATASTEEL,6361299,127.600000,2721449,3859557,
1003,TATAMOTORS,1988520,620.400000,567903,969087,
1003,HINDUNILVR,278799,2493.800000,110777,160137,
1003,RELIANCE,1374180,2320.000000,296697,361309,
1003,ADANIENT,434784,2388.850000,109285,171250,
1003,ADANIPORTS,699764,832.000000,264228,336396,
1003,GRASIM,103930,1916.050000,82752,77224,
1003,INFY,875071,1425.850000,227109,264361,
1003,SBILIFE,320969,1285.550000,103431,99672,
1003,LTIM,66148,5159.300000,30411,30853,
1003,TECHM,339765,1218.500000,169330,152865,
1003,NTPC,3063365,244.750000,934886,981134,
1003,SBIN,2600399,593.300000,795021,1132991,
1003,DRREDDY,104040,5553.200000,33812,29810,
1003,DIVISLAB,49898,3721.750000,38013,47720,
1003,AXISBANK,2866470,1040.000000,281068,277596,
1003,ONGC,5996413,184.950000,1530220,1636928,
1003,BPCL,584878,347.100000,487508,883343,
1003,M&M,1021011,1553.900000,175271,215150,
1003,LT,538112,3000.200000,135711,124510,
1003,UPL,247899,610.700000,262476,326191,
1003,ITC,1842527,440.050000,768432,940401,
1003,HEROMOTOCO,113833,2998.300000,56048,71000,
1003,JSWSTEEL,234939,769.300000,286099,261912,
1003,JAYBARMARU,2730,273.600000,4505,6372,
1003,SUM,48618319872,922,15564086272,15143482368
1004,TATACONSUM,304934,873.000000,172818,209954,
1004,ICICIBANK,1623926,944.300000,649320,520495,
1004,BHARTIARTL,758205,917.750000,224736,212851,
1004,EICHERMOT,551878,3330.000000,84775,87788,
1004,BAJFINANCE,187377,7806.700000,290237,78645,
1004,COALINDIA,2660828,291.200000,1113291,1136666,
1004,HDFCBANK,4318223,1510.450000,644733,628896,
1004,INDUSINDBK,405587,1430.550000,156948,178211,
1004,SUNPHARMA,283869,1148.950000,127026,199947,
1004,APOLLOHOSP,97656,5117.250000,36167,44850,
1004,ASIANPAINT,473892,3170.750000,76892,115467,
1004,TCS,493115,3485.650000,83705,97234,
1004,BAJAJ-AUTO,56054,5020.300000,42734,31098,
1004,ULTRACEMCO,96892,8309.150000,24910,29044,
1004,WIPRO,862754,405.700000,644039,598266,
1004,HCLTECH,452964,1231.800000,172764,135197,
1004,HDFCLIFE,578014,630.100000,240307,271734,
